[Calibration]
output_conversion = -18.430000000000003
input_conversion = -14.923848075666664
last_calibration_date = 2024-10-29T14:04:56.985608

